1 0.467045 0.61146 0.0377403 0.0552389
1 0.175856 0.666169 0.0786586 0.0909898
1 0.910867 0.588153 0.178266 0.679714
2 0.238417 0.619262 0.0796763 0.114192
1 0.385933 0.611825 0.0229317 0.028849
0 0.804036 0.591291 0.0301328 0.123
1 0.497021 0.599414 0.0217302 0.0315118
1 0.296223 0.628816 0.0201772 0.0328527
2 0.0495247 0.664585 0.0990493 0.137046
1 0.0496949 0.66415 0.0993898 0.134242
1 0.350606 0.620769 0.0204414 0.0278661
1 0.44201 0.602052 0.0165344 0.0242188
1 0.410861 0.607867 0.0178527 0.0221402
