1 0.263978 0.459589 0.120626 0.151244
1 0.0565026 0.54195 0.113005 0.298786
1 0.119682 0.472828 0.0815808 0.123591
1 0.181844 0.471897 0.0541618 0.0877139
1 0.56742 0.42246 0.0251317 0.0381083
1 0.403379 0.441667 0.0328711 0.0422573
1 0.966734 0.385684 0.0664625 0.115619
1 0.490124 0.426522 0.018474 0.0304455
1 0.33752 0.449808 0.0255611 0.0391569
1 0.422633 0.432049 0.0209331 0.0322469
1 0.461282 0.423633 0.015613 0.0213257
1 0.355908 0.445529 0.022325 0.0354108
1 0.368677 0.439978 0.0239648 0.0368723
1 0.507289 0.424837 0.017492 0.023899
1 0.931388 0.373667 0.108123 0.0889139
1 0.522037 0.425529 0.0139456 0.0195559
1 0.538195 0.421746 0.0157673 0.0260626
1 0.860897 0.374278 0.121921 0.0987642
1 0.381465 0.440785 0.0166519 0.0319576
1 0.549625 0.419274 0.0161624 0.0290435
1 0.881915 0.375203 0.0769812 0.065805
