1 0.0562375 0.543344 0.112475 0.184007
1 0.751124 0.725981 0.369854 0.373497
1 0.856715 0.783512 0.28657 0.43278
1 0.400289 0.530933 0.0609689 0.10009
0 0.900393 0.549939 0.0432148 0.175589
1 0.15603 0.533884 0.0507737 0.0608648
1 0.191113 0.528246 0.0376135 0.0522906
1 0.547164 0.486939 0.201296 0.340642
1 0.214008 0.524129 0.0264297 0.0464725
0 0.96923 0.545125 0.061012 0.198185
1 0.337357 0.511962 0.0160249 0.0252453
2 0.362174 0.504267 0.036423 0.0673288
1 0.27684 0.514343 0.0178427 0.0328993
1 0.249282 0.519424 0.0213291 0.0384499
1 0.29008 0.514021 0.0147499 0.0280884
1 0.309176 0.512065 0.0168205 0.0268583
1 0.255922 0.517456 0.0202993 0.0382456
1 0.363452 0.501033 0.0376406 0.0692005
1 0.269485 0.515618 0.0213889 0.0353741
1 0.317044 0.511984 0.0161518 0.0270938
1 0.437753 0.517903 0.0197211 0.0553952
1 0.235158 0.519834 0.0213195 0.0421523
1 0.323052 0.510897 0.0135744 0.0245285
0 0.715352 0.504364 0.0222277 0.07667
