1 0.712213 0.585693 0.275401 0.297804
1 0.568337 0.527062 0.11783 0.160264
1 0.0645696 0.485342 0.120021 0.170792
1 0.873717 0.705775 0.252553 0.527176
1 0.154906 0.477847 0.0733258 0.0941491
1 0.454736 0.468536 0.0587116 0.0706081
1 0.274605 0.443768 0.0358373 0.0454334
1 0.0209248 0.503809 0.0418496 0.211224
1 0.353793 0.430646 0.020585 0.0331341
1 0.42775 0.451616 0.0357423 0.0605905
1 0.406268 0.443433 0.0197387 0.0401659
1 0.303008 0.43782 0.0204028 0.0274825
1 0.393784 0.439706 0.0147914 0.0285458
