1 0.544667 0.293533 0.0767485 0.099415
1 0.162946 0.284838 0.0759209 0.0752547
1 0.0610035 0.302218 0.117376 0.111028
1 0.400583 0.281973 0.0458106 0.0634272
1 0.213891 0.27244 0.046577 0.0616114
1 0.357722 0.269495 0.0331518 0.046813
1 0.28751 0.274786 0.0399153 0.0580924
1 0.501836 0.285866 0.0372243 0.0742269
1 0.257175 0.266438 0.0282135 0.0432647
1 0.483083 0.278165 0.0398342 0.0667812
0 0.905884 0.356894 0.0588221 0.227866
0 0.854316 0.348712 0.045801 0.248211
1 0.311666 0.272638 0.0255244 0.0455219
1 0.457948 0.273469 0.0262685 0.0520613
0 0.817855 0.355698 0.0406876 0.216431
1 0.238148 0.268608 0.0198477 0.0349967
0 0.970646 0.359068 0.0444049 0.203842
1 0.42803 0.268848 0.0171162 0.0315165
1 0.440513 0.272786 0.0171218 0.0387568
0 0.769162 0.344698 0.0536873 0.206898
1 0.0113082 0.307936 0.0225815 0.101609
2 0.0867928 0.244248 0.113855 0.114685
1 0.328477 0.265127 0.0127537 0.0291079
1 0.378292 0.263237 0.0150178 0.0297323
0 0.870236 0.34792 0.0381012 0.226842
0 0.792356 0.350233 0.03587 0.203064
3 0.0861699 0.242554 0.11476 0.110573
0 0.677454 0.29869 0.0260785 0.121802
