1 0.309764 0.400288 0.0883464 0.107104
1 0.585644 0.438362 0.0564196 0.0685927
1 0.116512 0.407588 0.232769 0.277626
1 0.655165 0.431999 0.0888046 0.0640823
1 0.259877 0.398196 0.0511801 0.0770832
1 0.400526 0.40821 0.0361858 0.0461515
1 0.763756 0.431838 0.056087 0.0501605
1 0.519903 0.415535 0.0213198 0.0301648
1 0.462811 0.408411 0.0202281 0.0290843
1 0.497644 0.413243 0.0230096 0.0339569
1 0.814033 0.448497 0.0635352 0.0705596
1 0.904237 0.455648 0.105307 0.0628696
1 0.424813 0.406429 0.0205134 0.0355422
1 0.560306 0.419619 0.0234243 0.0359076
3 0.383149 0.390802 0.0431311 0.061865
1 0.442801 0.404581 0.0159199 0.0213605
1 0.864951 0.444479 0.0608874 0.0670651
1 0.34984 0.385046 0.0317808 0.0697234
1 0.552096 0.419288 0.0162875 0.0286697
1 0.381211 0.388577 0.0419056 0.0575668
