1 0.812879 0.525534 0.240905 0.294421
1 0.199836 0.599457 0.157092 0.170558
1 0.0679941 0.652984 0.135935 0.270472
1 0.348463 0.550752 0.0652988 0.100169
1 0.295065 0.568274 0.0794626 0.124367
1 0.671304 0.513716 0.0821398 0.127156
1 0.645487 0.497427 0.0599345 0.11027
1 0.609618 0.4955 0.0324036 0.0736759
1 0.409217 0.525346 0.060122 0.0581284
1 0.464082 0.512002 0.0308249 0.0382946
1 0.523869 0.493525 0.0210622 0.0242803
1 0.589624 0.496746 0.0180152 0.0429823
1 0.443556 0.522515 0.0250473 0.0409906
1 0.582753 0.492879 0.0215078 0.0391654
1 0.488223 0.504118 0.0187227 0.0332309
1 0.481539 0.505466 0.0242674 0.0360111
1 0.563901 0.488302 0.0176071 0.0345217
1 0.631429 0.506695 0.0330456 0.0989176
