1 0.167693 0.534305 0.260014 0.273986
1 0.702991 0.437802 0.130551 0.17624
1 0.582239 0.424789 0.0445602 0.0662556
1 0.351567 0.445656 0.0475517 0.0544231
1 0.39471 0.429629 0.0297944 0.0528711
1 0.452376 0.419091 0.0184976 0.0266527
1 0.804174 0.412225 0.0598344 0.0890373
1 0.417713 0.428791 0.0216032 0.0382889
1 0.376319 0.43937 0.026837 0.048086
1 0.473131 0.413024 0.0148843 0.0245743
1 0.434002 0.423078 0.0176978 0.0293762
1 0.557736 0.423263 0.0200236 0.0470563
1 0.507418 0.41244 0.0120497 0.0171355
1 0.539016 0.425016 0.0181285 0.0303458
0 0.623517 0.428416 0.0157491 0.0638173
1 0.525361 0.419924 0.0131131 0.0242072
1 0.51876 0.415389 0.0114464 0.02061
1 0.490015 0.412879 0.0110574 0.0172236
1 0.481979 0.412625 0.0102147 0.019309
